                                                            User  Job_Count  Avg_Allocated_VRAM  Total_GPU_Hours  Avg_GPUs  Avg_Weighted_VRAM_Efficiency  Weighted_Efficiency_Contribution
36                                         andres_torres_uri_edu         13           80.000000        86.671389       1.0                      0.000000                      0.000000e+00
415                                        wenlongzhao_umass_edu         20           80.000000       154.069722       1.0                      0.000000                      0.000000e+00
414                                          wenjunliu_umass_edu         21           78.095238       126.523056       1.0                      0.000000                      0.000000e+00
41                                anthony_bowers_student_uml_edu        438           79.452055      3156.654722       1.0                      0.000000                      0.000000e+00
370                            stephanie_epstein_student_uml_edu         30           80.000000       234.108611       1.0                      0.000000                      0.000000e+00
359                                          sparvekar_umass_edu          7           80.000000         9.394444       1.0                      0.000000                      0.000000e+00
58                                              aukale_umass_edu          6           80.000000        14.234444       1.0                      0.000000                      0.000000e+00
50                                           asajeeda_umassd_edu         18           80.000000       144.062500       1.0                      0.000000                      0.000000e+00
331                                       sanupkrishna_umass_edu         11           80.000000        65.660278       1.0                      0.000000                      0.000000e+00
333                                          sdandekar_umass_edu        122           80.000000      1445.128333       1.0                      0.000000                      0.000000e+00
329                                         samsonjaypee_uri_edu         10           80.000000        36.585556       1.0                      0.000000                      0.000000e+00
269                                          nmangwani_umass_edu          5           80.000000        19.015556       1.0                      0.000000                      0.000000e+00
72                                            bmuhwezi_umass_edu         28           78.571429        93.264167       1.0                      0.000000                      0.000000e+00
73                                                 bnl_umass_edu        219           77.990868       177.629444       1.0                      0.000000                      0.000000e+00
69                                             bdahrooge_uri_edu          5           80.000000         5.016667       1.0                      0.000000                      0.000000e+00
288                                         peihaochen_umass_edu         60           80.000000       353.214722       1.0                      0.000000                      0.000000e+00
230                                        mganapaneni_umass_edu          8           80.000000        26.029444       1.0                      0.000000                      0.000000e+00
270                                             noctis_umass_edu          7           74.285714        21.120000       1.0                      0.000000                      0.000000e+00
244                                           mmudambi_umass_edu         96           80.000000       614.134444       1.0                      0.000000                      0.000000e+00
196                                         kaichunliu_umass_edu        308           79.480519      1619.943333       1.0                      0.000000                      0.000000e+00
203  kithmasajinidileka_gampalaliyanapathiranage_student_uml_edu          8           80.000000      1779.180833       1.0                      0.000000                      0.000000e+00
229                                           mgalusha_umass_edu         13           80.000000        21.231667       1.0                      0.000000                      0.000000e+00
107                                             dgupta_umass_edu          7           80.000000         7.025000       1.0                      0.000000                      0.000000e+00
147                                          hhargrove_umass_edu         11           80.000000       350.942778       1.0                      0.000000                      0.000000e+00
5                                            aatmakuru_umass_edu          5           80.000000        15.758056       1.0                      0.000000                      0.000000e+00
436                                          ykothekar_umass_edu         15           80.000000        60.868056       1.0                      0.000000                      0.000000e+00
116                                         dmohapatra_umass_edu       2339           79.914493      6883.051111       1.0                      0.000000                      0.000000e+00
353                                             snikku_umass_edu         40           74.000000        93.881111       1.0                      0.000097                      4.112296e-08
189                                          juelinliu_umass_edu         13           80.000000        30.047778       1.0                      0.002311                      3.143392e-07
31                                        amritanshmis_umass_edu         13           80.000000        60.636389       1.0                      0.001177                      3.231175e-07
92                                            ckenyon_umassd_edu         12           80.000000        10.985556       1.0                      0.006789                      3.376975e-07
258                                       nazaninjafar_umass_edu         12           80.000000        32.756944       1.0                      0.002547                      3.777744e-07
441                                          yuhongluo_umass_edu         95           80.000000       636.384722       1.0                      0.000145                      4.179504e-07
371                                      steven_liebling_uri_edu         18           80.000000        16.427500       1.0                      0.006131                      4.560220e-07
327                                       saisreenivas_umass_edu          8           80.000000        11.989444       1.0                      0.008659                      4.700690e-07
127                                       edmondcunnin_umass_edu        101           79.207921       214.896667       1.0                      0.000570                      5.546006e-07
115                                             dmaram_umass_edu         37           78.918919        56.352500       1.0                      0.002207                      5.632294e-07
137                                             fikram_umass_edu         32           80.000000         8.845556       1.0                      0.021540                      8.626542e-07
302                                 priscilla_kissiappia_uri_edu         15           80.000000       120.065833       1.0                      0.001820                      9.894793e-07
110                                       dhruvinrakes_umass_edu          7           68.571429        13.219722       1.0                      0.016993                      1.017130e-06
24                                         aheryudono_umassd_edu          6           80.000000         3.519444       1.0                      0.070800                      1.128180e-06
388                                          tbudhwani_umass_edu         20           80.000000       110.891389       1.0                      0.002431                      1.220774e-06
89                                         chengzhangbao_uri_edu         12           80.000000         3.463611       1.0                      0.097601                      1.530578e-06
315                                              rgarg_umass_edu          5           80.000000        11.019722       1.0                      0.034969                      1.744734e-06
146                                              heuck_umass_edu       1310           80.000000       606.556111       1.0                      0.000657                      1.804586e-06
384                                             syasna_smith_edu          8           75.000000         8.240000       1.0                      0.048566                      1.811877e-06
422                                         xingyubian_umass_edu          5           80.000000        39.704722       1.0                      0.010234                      1.839702e-06
324                                           rvmathew_umass_edu      22086           76.462918     17092.900833       1.0                      0.000026                      2.019212e-06
151                                        hochulhwang_umass_edu         17           80.000000       132.083611       1.0                      0.003462                      2.070447e-06
205                                       kravichandra_umass_edu         12           80.000000        96.034722       1.0                      0.004813                      2.092869e-06
287                                             pchien_umass_edu       1150           80.000000       466.786667       1.0                      0.001028                      2.172897e-06
187                                           jrussell_umass_edu         20           80.000000        39.205000       1.0                      0.012883                      2.286886e-06
30                                             amekala_umass_edu         93           80.000000        99.673611       1.0                      0.005374                      2.425330e-06
272                                            nwycoff_umass_edu        421           80.000000       158.198333       1.0                      0.003479                      2.491789e-06
392                                            tislam_umassd_edu          7           80.000000        56.031944       1.0                      0.010314                      2.616559e-06
246                               mohamed_elgaar_student_uml_edu         33           75.151515        15.075556       1.0                      0.038469                      2.625778e-06
96                                              ctpham_umass_edu        618           80.000000      1015.095000       1.0                      0.000749                      3.442942e-06
260                                       nevbarunegbe_umass_edu         30           80.000000        73.331389       1.0                      0.011300                      3.751719e-06
65                                          baldikacti_umass_edu       1526           80.000000       996.359444       1.0                      0.000832                      3.754980e-06
164                                       jacksonmicha_umass_edu         46           74.782609       280.541111       1.0                      0.002984                      3.790748e-06
430                                         yekyungkim_umass_edu         41           80.000000       235.453056       1.0                      0.003726                      3.972291e-06
434                                          yiwenyang_umass_edu          6           80.000000        12.017222       1.0                      0.074450                      4.050801e-06
122                                         dshivashok_umass_edu        817           79.510404       207.286944       1.0                      0.004478                      4.202688e-06
51                                             asalemi_umass_edu         42           80.000000       196.173056       1.0                      0.004888                      4.341131e-06
268                                           nkparikh_umass_edu         15           80.000000        25.862778       1.0                      0.037845                      4.431497e-06
130                                          emccleary_umass_edu        911           80.000000       742.315000       1.0                      0.001419                      4.768081e-06
11                                        abhinavbhati_umass_edu          6           80.000000        12.032778       1.0                      0.092781                      5.054702e-06
398                                          ttripathi_umass_edu         69           80.000000        76.623333       1.0                      0.014883                      5.163109e-06
180                                        jkarnuthala_umass_edu         12           80.000000        39.441111       1.0                      0.029520                      5.271481e-06
320                                        rpulishetty_umass_edu         76           76.315789       417.538333       1.0                      0.002872                      5.428989e-06
193                                             jzhu5_umassd_edu         34           80.000000       267.021111       1.0                      0.005283                      6.386914e-06
17                                             achaloo_umass_edu         42           80.000000       150.556111       1.0                      0.009632                      6.565616e-06
227                                            mfernando_uri_edu         20           80.000000        53.396667       1.0                      0.027642                      6.682649e-06
426                                         yapeichang_umass_edu        145           80.000000       231.417500       1.0                      0.006601                      6.915843e-06
425                                            yajieli_umass_edu         15           80.000000        45.854444       1.0                      0.033573                      6.970227e-06
213                                             limr_iastate_edu         10           64.000000        38.327222       1.0                      0.040902                      7.097758e-06
342                                         shanlongli_umass_edu        200           72.800000       542.624722       1.0                      0.003002                      7.374948e-06
62                                         ayman_sandouk_uri_edu         16           80.000000        45.963611       1.0                      0.038039                      7.916068e-06
312                                        qizhengyang_umass_edu         93           80.000000       744.354444       1.0                      0.002560                      8.628794e-06
453                                                zji_smith_edu         36           80.000000        89.768611       1.0                      0.021498                      8.737683e-06
150                                        hkolukuluru_umass_edu          6           80.000000        10.689167       1.0                      0.183942                      8.902181e-06
22                                            aghasemi_umass_edu         29           80.000000       138.635278       1.0                      0.014601                      9.164715e-06
142                                         guangshixu_umass_edu         13           80.000000        29.613056       1.0                      0.068722                      9.214034e-06
380                                       svaidyanatha_umass_edu         15           69.333333        70.617778       1.0                      0.029094                      9.302336e-06
356                                         sooyonglee_umass_edu         18           80.000000        28.003889       1.0                      0.073860                      9.364818e-06
406                                             vdorna_umass_edu        100           78.400000       230.023611       1.0                      0.009458                      9.850367e-06
413                                        walter_lai001_umb_edu         83           80.000000       329.288333       1.0                      0.006732                      1.003712e-05
403                                       varshinibala_umass_edu          7           80.000000        57.063056       1.0                      0.039614                      1.023477e-05
234                                        miladkasirian_uri_edu          8           80.000000        27.175000       1.0                      0.085032                      1.046218e-05
199                                           kchimmad_umass_edu         35           80.000000        74.930278       1.0                      0.031725                      1.076288e-05
295                                             pmovva_umass_edu         45           80.000000        26.900278       1.0                      0.089049                      1.084572e-05
386                                           tamaresh_umass_edu         28           77.142857       125.063333       1.0                      0.019643                      1.112268e-05
280                                          oraundale_umass_edu        299           77.324415       619.213056       1.0                      0.004026                      1.128639e-05
232                                        mhossain10_umassd_edu         92           80.000000       736.380278       1.0                      0.003387                      1.129132e-05
208                                           l_richards_uri_edu         11           80.000000        43.037500       1.0                      0.059049                      1.150619e-05
42                                        anushkayadav_umass_edu         13           80.000000        52.725000       1.0                      0.049438                      1.180174e-05
129                                            elpease_umass_edu          7           80.000000        21.034167       1.0                      0.124237                      1.183169e-05
23                                             agnesli_umass_edu         20           78.000000        92.635000       1.0                      0.028449                      1.193212e-05
117                                           dmpetrov_umass_edu        168           80.000000        68.720278       1.0                      0.038367                      1.193742e-05
326                                       saishradhamo_umass_edu        116           80.000000       310.846667       1.0                      0.008572                      1.206476e-05
12                                            abhinavk_umass_edu          6           80.000000        28.027500       1.0                      0.096606                      1.225911e-05
253                                          msharma8_umassd_edu         50           80.000000       222.655278       1.0                      0.012899                      1.300402e-05
374                                          sthurber506_uri_edu         65           80.000000       216.806667       1.0                      0.013398                      1.315214e-05
341                                       shambhavikri_umass_edu          8           55.000000         3.080833       1.0                      1.057742                      1.475434e-05
18                                         achyut_subedi_uri_edu         12           80.000000        33.667222       1.0                      0.097601                      1.487758e-05
339                                         sgavireddy_umass_edu         11           72.727273        27.303333       1.0                      0.121432                      1.501142e-05
49                                          asadhgauri_umass_edu         27           77.037037        38.239722       1.0                      0.088758                      1.536722e-05
382                                                swa_umass_edu        325           80.000000       685.475000       1.0                      0.004960                      1.539424e-05
56                                             atajima_umass_edu         26           80.000000        33.779444       1.0                      0.101300                      1.549300e-05
167                                          jakob_porto_uri_edu         57           80.000000       267.401667       1.0                      0.013033                      1.577884e-05
101                                       debanjanmond_umass_edu         63           80.000000       101.621667       1.0                      0.035246                      1.621686e-05
427                                       yashwanthbab_umass_edu         30           73.333333        74.114444       1.0                      0.049065                      1.646447e-05
181                                       jkillingback_umass_edu        141           80.000000       378.945000       1.0                      0.010348                      1.775453e-05
449                                              zhexu_umass_edu        366           79.562842      1064.920000       1.0                      0.003907                      1.883886e-05
105                                            dgerard_umass_edu         26           75.384615        43.192500       1.0                      0.097751                      1.911615e-05
15                                             absahoo_umass_edu        275           79.418182       627.379722       1.0                      0.006882                      1.954931e-05
224                                           mdhassan_umass_edu          5           80.000000        12.019167       1.0                      0.368147                      2.003402e-05
273                                         nyarrabolu_umass_edu        158           77.468354       441.965556       1.0                      0.010385                      2.078130e-05
242                                        mmalekzadeh_umass_edu        123           79.349593       740.450833       1.0                      0.006232                      2.089367e-05
376                                         sunjaekwon_umass_edu         18           77.777778        22.002222       1.0                      0.210289                      2.094863e-05
410                                       vpimpalkhute_umass_edu          6           80.000000        34.588889       1.0                      0.134516                      2.106608e-05
121                                            dsaluru_umass_edu        392           80.000000       778.946111       1.0                      0.006039                      2.129698e-05
48                                         arutkovskii_umass_edu        110           80.000000       309.571944       1.0                      0.015787                      2.212727e-05
249                                            mrafiee_umass_edu         25           80.000000       191.583056       1.0                      0.025528                      2.214364e-05
292                                             pkphan_umass_edu         23           80.000000        99.031667       1.0                      0.049667                      2.226970e-05
140                                         gehaozhang_umass_edu        664           79.939759       634.654167       1.0                      0.007824                      2.248233e-05
85                                              cesteves_uri_edu        187           80.000000       701.189444       1.0                      0.007131                      2.263897e-05
55                                            asureddy_umass_edu         53           80.000000        80.190000       1.0                      0.066399                      2.410751e-05
400                                    uchenna_onuoha001_umb_edu         57           80.000000       344.136667       1.0                      0.015658                      2.439747e-05
172                                            jdsweet_umass_edu         22           78.181818        53.783333       1.0                      0.100764                      2.453725e-05
365                                           ssahibul_umass_edu         47           80.000000       223.850556       1.0                      0.024661                      2.499399e-05
405                                               vdle_umass_edu          8           80.000000        49.542222       1.0                      0.114724                      2.573372e-05
343                                       shariharasub_umass_edu          5           80.000000        68.014722       1.0                      0.084323                      2.596682e-05
429                                          ychittepu_umass_edu         72           80.000000       199.823333       1.0                      0.028732                      2.599426e-05
4                                             aaronsun_umass_edu        319           80.000000      1523.700556       1.0                      0.003859                      2.662388e-05
138                                       gakkinapalli_umass_edu        127           80.000000       296.095000       1.0                      0.019938                      2.672915e-05
437                                           ypatil1_umassd_edu         94           80.000000       547.747778       1.0                      0.010882                      2.698863e-05
381                                         svdeshmukh_umass_edu        973           80.000000       670.985833       1.0                      0.008980                      2.728232e-05
179                                         jjeyasingh_umass_edu         42           77.142857       204.785278       1.0                      0.030902                      2.865191e-05
241                                          mmaharjan_umass_edu         61           80.000000       280.655833       1.0                      0.022932                      2.913943e-05
25                                          akaruvally_umass_edu        146           80.000000       637.052500       1.0                      0.010341                      2.982673e-05
209                                          labarrett_umass_edu         12           50.000000        63.985556       1.0                      0.105400                      3.053476e-05
184                                          joohwanko_umass_edu        407           79.508600      1024.640556       1.0                      0.007035                      3.263650e-05
366                                            ssairaj_umass_edu          8           80.000000        20.924722       1.0                      0.351224                      3.327482e-05
263                                              nigel_umass_edu         45           80.000000       186.993611       1.0                      0.040638                      3.440604e-05
152                                           hojaeson_umass_edu         19           77.894737        46.486944       1.0                      0.165864                      3.491045e-05
126                                        ecalleortiz_umass_edu         22           80.000000       140.397222       1.0                      0.055017                      3.497278e-05
139                                            gawronski_uri_edu         49           80.000000        59.168611       1.0                      0.133141                      3.566759e-05
84                                           cecile_cres_uri_edu       1309           79.572193      4796.013056       1.0                      0.001651                      3.586060e-05
192                                           junyicao_umass_edu         66           80.000000       428.281944       1.0                      0.018547                      3.596399e-05
156                                           hshastri_umass_edu         43           76.279070        91.751389       1.0                      0.088983                      3.696527e-05
397                                         tramnguyen_umass_edu         92           79.565217       597.801389       1.0                      0.013936                      3.771860e-05
170                                              jchou_umass_edu        112           79.285714       246.971111       1.0                      0.034758                      3.886584e-05
149                                             hjeong_umass_edu         41           80.000000       324.834444       1.0                      0.026578                      3.908851e-05
158                                              hzeng_umass_edu         94           80.000000       479.254722       1.0                      0.018044                      3.915332e-05
57                                        atharvashrik_umass_edu         29           77.241379        56.582500       1.0                      0.153430                      3.930642e-05
360                                       sphurtiagarw_umass_edu         35           80.000000       123.044722       1.0                      0.071751                      3.997284e-05
191                                           junyanli_umass_edu         69           80.000000       347.549722       1.0                      0.025442                      4.003473e-05
231                                        mghantasala_umass_edu          8           75.000000        16.883611       1.0                      0.524340                      4.008212e-05
304                                           psastry_umassd_edu         20           80.000000       125.716667       1.0                      0.070842                      4.032316e-05
171                                             jdomke_umass_edu          5           80.000000        19.241944       1.0                      0.467695                      4.074587e-05
254                                              mssun_umass_edu         76           80.000000       253.670278       1.0                      0.036792                      4.225610e-05
63                                              azheng_umass_edu          6           80.000000        10.304722       1.0                      0.910064                      4.246000e-05
207                                        kwhitecross_umass_edu         83           80.000000       633.215556       1.0                      0.014813                      4.246979e-05
1                                              aafzali_umass_edu         28           80.000000       168.539167       1.0                      0.056115                      4.282062e-05
97                                            dagarwal_umass_edu         74           78.378378       369.583333       1.0                      0.026589                      4.449270e-05
104                       devasaikumar_bheesetti_student_uml_edu         74           76.756757       362.745000       1.0                      0.027230                      4.472273e-05
109                                       dhruveshpate_umass_edu         81           78.518519       262.449167       1.0                      0.038945                      4.627787e-05
361                                           spillai_umassd_edu         92           80.000000       611.372500       1.0                      0.016835                      4.660112e-05
186                                               jroh_umass_edu       1212           79.900990      2962.033056       1.0                      0.003483                      4.670787e-05
445                                          zarifalam_umass_edu        202           79.603960       603.301944       1.0                      0.017297                      4.724672e-05
27                                         allen_yang001_umb_edu        165           80.000000       184.329722       1.0                      0.056747                      4.735983e-05
118                                           dpadalia_umass_edu         21           80.000000        54.501944       1.0                      0.192840                      4.758618e-05
113                                              dlacy_umass_edu        485           79.917526      3517.215556       1.0                      0.003021                      4.810729e-05
240                                        mmaddipatla_umass_edu         29           78.620690       126.217778       1.0                      0.090003                      5.143364e-05
38                                          ankitkumar_umass_edu          8           80.000000        32.498889       1.0                      0.353441                      5.200653e-05
82                                               cburt_umass_edu          8           75.000000        30.190556       1.0                      0.384233                      5.252154e-05
239                                             mkeya_umassd_edu         44           80.000000       320.417500       1.0                      0.036314                      5.268140e-05
70                                           bfrancois_umass_edu         37           77.837838       208.517222       1.0                      0.055951                      5.282244e-05
372                                       sthiagarajam_umass_edu         26           80.000000        63.793611       1.0                      0.187850                      5.425757e-05
454                                        zunzhezhang_umass_edu         73           78.904110       131.633056       1.0                      0.093581                      5.577335e-05
442                                        yuncongyang_umass_edu         71           80.000000       213.612222       1.0                      0.057733                      5.583677e-05
87                                           changzeng_umass_edu        120           80.000000       847.177778       1.0                      0.014611                      5.604183e-05
294                                           pmangina_umass_edu          8           80.000000        27.210833       1.0                      0.465240                      5.731792e-05
407                                              vgudi_umass_edu         10           80.000000        67.037500       1.0                      0.190098                      5.769888e-05
399                                          tungichen_umass_edu         12           76.666667        29.240278       1.0                      0.442756                      5.861619e-05
111                                       dhruvmaheshw_umass_edu         49           80.000000       156.100556       1.0                      0.084186                      5.949974e-05
93                                            cmummidi_umass_edu         39           78.974359       102.563889       1.0                      0.128707                      5.976787e-05
235                                           mingzhel_umass_edu        382           80.000000      1625.518333       1.0                      0.008191                      6.028411e-05
79                                             bverma_umassd_edu         82           80.000000       626.076111       1.0                      0.021288                      6.034335e-05
348                                          skuthpadi_umass_edu         24           80.000000       128.526944       1.0                      0.103817                      6.041343e-05
346                                             sjella_umass_edu          7           80.000000         8.340833       1.0                      1.611863                      6.087087e-05
217                          madhavisuyog_pagare_student_uml_edu         66           78.787879       475.895000       1.0                      0.028409                      6.121169e-05
200                                            kdasoju_umass_edu         48           80.000000       146.954444       1.0                      0.092296                      6.140987e-05
90                                           chunrulin_umass_edu         31           78.709677       180.277222       1.0                      0.075377                      6.152517e-05
337                                        seoyunjeong_umass_edu         34           80.000000       105.104167       1.0                      0.129396                      6.157636e-05
290                                            phuocdo_umass_edu         18           80.000000        31.987500       1.0                      0.427139                      6.186162e-05
417                                         wschwarzer_umass_edu       3864           80.000000      4593.678333       1.0                      0.003026                      6.293652e-05
220                                              mbumb_umass_edu          6           80.000000        40.698611       1.0                      0.342203                      6.305727e-05
162                                         ishrat_jahan_uri_edu        108           80.000000      2286.392500       1.0                      0.006131                      6.346734e-05
340                                          sgovindan_umass_edu         17           68.235294        50.534167       1.0                      0.278020                      6.361121e-05
351                                             smohan_umass_edu         30           74.666667       110.797778       1.0                      0.128119                      6.427124e-05
188                                             jsinha_umass_edu         40           80.000000       191.403333       1.0                      0.074930                      6.493461e-05
182                                         jmhamilton_umass_edu        555           75.891892      1130.301111       1.0                      0.012898                      6.600781e-05
95                                        csanarpalaya_umass_edu          7           80.000000         8.758333       1.0                      1.664757                      6.601525e-05
210                                         lclawrence_umass_edu        216           80.000000       551.216111       1.0                      0.026547                      6.625359e-05
35                                              anaseh_umass_edu        305           77.245902      1950.669167       1.0                      0.007504                      6.627059e-05
316                                             rgshah_umass_edu        162           77.283951       868.862500       1.0                      0.016902                      6.649258e-05
60                                              awyuan_umass_edu          8           80.000000        10.566111       1.0                      1.404735                      6.720192e-05
389                                          tchafekar_umass_edu         57           78.596491       213.862778       1.0                      0.069549                      6.734344e-05
233                                          mhudspeth_umass_edu         21           80.000000        96.272500       1.0                      0.156920                      6.839961e-05
265                                          niraj_bhatt_uri_edu         58           80.000000       874.105833       1.0                      0.017364                      6.871923e-05
177                                  jiali_cheng_student_uml_edu        409           79.804401      1106.140278       1.0                      0.014143                      7.083032e-05
332                                         schanumolu_umass_edu          6           80.000000        42.020278       1.0                      0.377683                      7.185520e-05
183                                           jnainani_umass_edu        240           80.000000      1202.290278       1.0                      0.013353                      7.268499e-05
377                                          sunlichen_umass_edu         21           80.000000        60.097778       1.0                      0.274726                      7.475335e-05
328                                             samini_umass_edu        221           77.647059      1416.023333       1.0                      0.011712                      7.509015e-05
283                                          oyilmazel_umass_edu          5           80.000000        19.190833       1.0                      0.868435                      7.545761e-05
81                                             cbagchi_umass_edu          8           80.000000        46.320000       1.0                      0.363464                      7.622586e-05
28                                             amalali_umass_edu       1081           79.333950      4049.217222       1.0                      0.004193                      7.686844e-05
347                                       skamedaalmeida_uri_edu         31           80.000000       104.584722       1.0                      0.169680                      8.034702e-05
256                                       mteymoorianf_umass_edu        117           78.974359       650.570556       1.0                      0.027608                      8.132107e-05
408                                            vishalg_umass_edu        157           80.000000       770.553056       1.0                      0.023768                      8.292272e-05
176                                         jiagengliu_umass_edu         92           78.695652       371.371389       1.0                      0.049585                      8.337339e-05
148                                           hheickal_umass_edu          7           80.000000        46.374722       1.0                      0.397125                      8.338368e-05
321                                        rrajendhran_umass_edu         63           80.000000        72.262222       1.0                      0.254920                      8.340402e-05
39                                           ansharora_umass_edu         81           79.012346       230.118611       1.0                      0.080569                      8.394480e-05
438                                          yubozhang_umass_edu        114           77.894737       619.266667       1.0                      0.030830                      8.644040e-05
428                                           yaxinzhu_umass_edu          8           80.000000        64.043611       1.0                      0.306205                      8.878924e-05
20                                         aeyanashraf_umass_edu          9           80.000000        30.100833       1.0                      0.656630                      8.948930e-05
144                                        haotianyuan_umass_edu         23           80.000000       105.755000       1.0                      0.188230                      9.012831e-05
385                                           syerawar_umass_edu         38           80.000000       177.464444       1.0                      0.115370                      9.269887e-05
159                                           hzheng1_umassd_edu        503           76.739563      2082.875278       1.0                      0.009894                      9.330665e-05
364                                       srprabhanjan_umass_edu         24           63.333333       129.781944       1.0                      0.159753                      9.387160e-05
267                                           nkotturu_umass_edu         17           80.000000        56.342500       1.0                      0.368687                      9.405146e-05
103                                          delinchen_umass_edu         35           80.000000       179.745556       1.0                      0.115638                      9.410924e-05
451                                   zhoulin-qc-group_umass_edu         22           80.000000       126.893333       1.0                      0.171029                      9.826082e-05
33                                        amungalpara_umassd_edu         51           80.000000       274.548889       1.0                      0.079089                      9.831269e-05
76                                          brozonoyer_umass_edu          8           80.000000        23.160278       1.0                      0.956357                      1.002850e-04
345                                           siqichen_umass_edu        180           78.444444      1390.553611       1.0                      0.015941                      1.003630e-04
98                                            damien_lee_uri_edu         11           80.000000        88.032500       1.0                      0.259583                      1.034646e-04
174                                         jiabenchen_umass_edu         15           77.333333        99.980556       1.0                      0.229981                      1.041068e-04
447                                        zhehuanchen_umass_edu         87           79.540230       356.329722       1.0                      0.064920                      1.047371e-04
421                                         xiaowenqiu_umass_edu        114           78.596491       518.199167       1.0                      0.044759                      1.050133e-04
440                                        yuefengpeng_umass_edu        451           78.669623      2527.133056       1.0                      0.009668                      1.106265e-04
102                                          debrupdas_umass_edu         24           80.000000       138.764722       1.0                      0.177289                      1.113864e-04
261                                           ngultran_umass_edu        161           79.503106      1016.785556       1.0                      0.024657                      1.135113e-04
37                                           anijasure_umass_edu         80           80.000000       649.351944       1.0                      0.039510                      1.161611e-04
128                                              elobo_umass_edu       2368           79.391892      8661.152222       1.0                      0.003035                      1.190185e-04
311                                        qinhongzhou_umass_edu        431           77.679814      1416.728056       1.0                      0.018914                      1.213257e-04
59                                            avbagchi_umass_edu         28           80.000000       174.753889       1.0                      0.155656                      1.231584e-04
431                                           yianwang_umass_edu        656           79.573171      3470.649444       1.0                      0.007890                      1.239833e-04
160                                             hzhu2_umassd_edu        136           79.705882      1198.657222       1.0                      0.022862                      1.240767e-04
13                                            abhinavs_umass_edu         15           80.000000        95.665556       1.0                      0.289133                      1.252350e-04
153                                       hongxinzhang_umass_edu        411           78.345499      2125.331111       1.0                      0.013034                      1.254238e-04
323                                       rseetharaman_umass_edu          7           80.000000        45.212222       1.0                      0.620598                      1.270394e-04
125                                         eaghazadeh_umass_edu        149           77.315436       627.686944       1.0                      0.049390                      1.403633e-04
387                                       tanyachowdhu_umass_edu         27           80.000000       111.309167       1.0                      0.278777                      1.404946e-04
274                                       odanielskoch_umass_edu         13           64.615385        24.447222       1.0                      1.285050                      1.422400e-04
214                                         lixingfang_umass_edu        114           75.789474       402.917222       1.0                      0.078256                      1.427591e-04
418                                            wuaoliu_umass_edu        230           80.000000      1138.318333       1.0                      0.028336                      1.460401e-04
178                                           jinhuang_umass_edu         44           80.000000        94.851944       1.0                      0.340123                      1.460679e-04
310                                            pvinod_umassd_edu         68           80.000000       549.724444       1.0                      0.060578                      1.507759e-04
173                                       jeongyeob_chae_uri_edu         26           80.000000       125.743611       1.0                      0.265877                      1.513693e-04
67                                          bcallaghan_umass_edu         18           80.000000        59.791389       1.0                      0.575976                      1.559247e-04
19                                              acpham_umass_edu         46           59.130435       119.772778       1.0                      0.295424                      1.602048e-04
314                                            rdaroya_umass_edu        532           79.548872      1243.656389       1.0                      0.029071                      1.636966e-04
419                                            wuzhexu_umass_edu        149           80.000000      1315.088889       1.0                      0.028289                      1.684370e-04
271                                            nperla_umassd_edu        218           80.000000      1250.332500       1.0                      0.030784                      1.742713e-04
245                                          mnakamura_umass_edu         30           80.000000       566.828611       1.0                      0.069451                      1.782387e-04
404                                            vbandi_umassd_edu         28           80.000000       224.126111       1.0                      0.177906                      1.805328e-04
281                                              osaha_umass_edu        325           79.753846      2297.025278       1.0                      0.017381                      1.807672e-04
161                                           ideznabi_umass_edu        124           80.000000       974.728333       1.0                      0.041884                      1.848413e-04
202                                          kgudipaty_umass_edu         29           80.000000       104.631389       1.0                      0.390858                      1.851623e-04
94                                          csamarinas_umass_edu         43           80.000000       446.322500       1.0                      0.093595                      1.891350e-04
412                                       waabdelrahma_umass_edu         18           80.000000        47.080833       1.0                      0.895069                      1.907975e-04
446                                         zeyuanyang_umass_edu        710           79.323944      3603.278889       1.0                      0.011915                      1.943903e-04
423                                             xwang3_umass_edu       1019           79.842983      7264.200000       1.0                      0.005954                      1.958166e-04
54                                         ashwin_girish_uri_edu          9           80.000000       533.290833       1.0                      0.085966                      2.075696e-04
47                                        arghyadeepda_umass_edu          5           80.000000        25.437222       1.0                      1.839263                      2.118290e-04
75                                         brian_mingels_uri_edu         38           80.000000       267.230278       1.0                      0.176140                      2.131153e-04
433                                         yipengdeng_umass_edu         57           77.894737       202.215833       1.0                      0.239172                      2.189766e-04
243                                              mmanuel_uri_edu         32           80.000000       120.621111       1.0                      0.437021                      2.386701e-04
157                                            hss822_utexas_edu        190           80.000000      1623.561944       1.0                      0.033425                      2.457029e-04
165                                    jacob_adamczyk001_umb_edu          9           80.000000       259.153333       1.0                      0.211701                      2.484003e-04
221                                           mchasmai_umass_edu        913           80.000000      6887.309722       1.0                      0.008141                      2.538557e-04
3                                             aamballa_umass_edu         68           80.000000       754.178889       1.0                      0.075714                      2.585355e-04
391                                          tifnguyen_umass_edu         67           79.402985       302.459444       1.0                      0.218120                      2.987001e-04
68                                          bchhaglani_umass_edu          5           80.000000       161.674444       1.0                      0.421301                      3.083943e-04
330                                         samuel_clyne_uri_edu        183           79.781421      2590.603056       1.0                      0.027675                      3.246136e-04
317                                         ritta_negmfa_uri_edu          5           80.000000        65.005556       1.0                      1.115564                      3.283349e-04
291                                            pinyang_umass_edu         28           80.000000       539.995278       1.0                      0.156806                      3.833748e-04
80                                       calvin_higgins2_uri_edu        266           80.000000      2126.151944       1.0                      0.040079                      3.858175e-04
394                                           tmehboob_umass_edu          6           80.000000        38.933056       1.0                      2.394425                      4.220769e-04
367                                         ssdasgupta_umass_edu         61           80.000000       935.694167       1.0                      0.113105                      4.791659e-04
350                                            smahmud_umass_edu         12           80.000000       119.414444       1.0                      0.952996                      5.152524e-04
252                                       mrastikerdar_umass_edu        109           77.798165       907.449444       1.0                      0.148293                      6.092771e-04
10                                        abhidipbhatt_umass_edu         15           80.000000       837.098056       1.0                      0.168472                      6.385223e-04
88                                        chenchengjia_umass_edu        416           80.000000      7789.385000       1.0                      0.019152                      6.754409e-04
53                                             asharda_umass_edu          5           80.000000        84.442500       1.0                      2.621147                      1.002131e-03
141                                              gkhanna_uri_edu        208           80.000000     13060.076111       1.0                      0.017108                      1.011641e-03
0                                             aabedeen_umass_edu         19           80.000000       340.457778       1.0                      0.669763                      1.032420e-03
296                                      poojan_patel001_umb_edu        937           79.871932     14348.446111       1.0                      0.017943                      1.165660e-03
204                                           kpanchal_umass_edu         12           80.000000       417.117500       1.0                      0.707518                      1.336189e-03
223                                       mdashrafulis_umass_edu         61           80.000000      2375.200000       1.0                      0.164463                      1.768639e-03
264                                    nikola_bukowiecka_uri_edu         16           80.000000      2390.446389       1.0                      0.926317                      1.002561e-02