                            Account  Job_Count  Avg_Allocated_VRAM  Total_GPU_Hours  Avg_GPUs  Avg_Weighted_VRAM_Efficiency  Weighted_Efficiency_Contribution
10                pi_csc592_uri_edu         10           80.000000       272.158333       3.4                           0.0                               0.0
103       pi_xiaohuizhang_umass_edu         11           80.000000       350.942778       1.0                           0.0                               0.0
277   pi_jerome_delhommelle_uml_edu          8           80.000000      1779.180833       1.0                           0.0                               0.0
268             pi_gomezchi_uri_edu         13           80.000000        49.440833       1.0                           0.0                               0.0
263           pi_mmudambi_umass_edu        102           80.000000       617.255833       1.0                           0.0                               0.0
192          pi_stephen_lam_uml_edu         22           80.000000       827.094444       5.0                           0.0                               0.0
176         pi_dmohapatra_umass_edu       2367           80.000000      6908.416667   1.00169                           0.0                               0.0
264      pi_murat_inalpolat_uml_edu         37           80.000000       276.313611  1.162162                           0.0                               0.0
206               pi_lgao_umass_edu          8           80.000000        21.911389       1.0                           0.0                               0.0
225            pi_bdahrooge_uri_edu          5           80.000000         5.016667       1.0                           0.0                               0.0
142        pi_subash_sharma_uml_edu        448           80.000000      3236.678889       1.0                           0.0                               0.0
288           pi_markregine_uri_edu         16           80.000000          105.455    2.0625                      0.000378                               0.0
231        pi_aheryudono_umassd_edu          7           80.000000         7.017222       2.0                      0.006342                               0.0
113           pi_gcowles_umassd_edu         12           80.000000        10.985556       1.0                      0.006789                               0.0
211        pi_sunghoonlee_umass_edu        319           80.000000      1704.217222  1.050157                      0.000149                          0.000001
35               pi_tlama_umass_edu          8           80.000000             8.24       1.0                       0.04798                          0.000001
150             pi_grason_umass_edu      22086           80.000000     17092.900833       1.0                      0.000024                          0.000001
208      pi_steven_liebling_uri_edu         21           80.000000        21.766111  1.142857                      0.021369                          0.000001
42             pi_nwycoff_umass_edu        421           80.000000       158.198333       1.0                      0.003479                          0.000001
25             pi_jtaneja_umass_edu         54           80.000000          311.675  1.055556                      0.001772                          0.000001
154              pi_heuck_umass_edu       1437           80.000000           786.67       1.0                      0.000752                          0.000001
46              pi_pchien_umass_edu       2677           80.000000      1464.150278       1.0                      0.000464                          0.000002
32                 pi_sodhi_uri_edu          8           80.000000        13.404444     2.125                       0.05528                          0.000002
214             pi_cmusco_umass_edu         88           80.000000       514.139167  1.181818                       0.00211                          0.000003
69            pi_elearned_umass_edu         30           80.000000        77.091944       1.2                      0.014609                          0.000003
197           pi_bioch642_umass_edu       1022           80.000000         817.2675       1.0                      0.001385                          0.000003
14     pi_kelum_gajamannage_uri_edu         60           80.000000       722.161944  1.516667                      0.001878                          0.000003
102           pi_jianhanc_umass_edu        202           80.000000           575.66   1.00495                      0.002508                          0.000003
212             pi_dathomas_uri_edu         20           80.000000        53.396667       1.0                      0.027642                          0.000003
159              pi_mzink_umass_edu        542           80.000000         2367.515  1.332103                      0.000804                          0.000004
269            pi_gfelder_smith_edu         36           80.000000        89.768611       1.0                      0.021498                          0.000004
143          pi_jason_green_umb_edu         83           80.000000       329.288333       1.0                      0.006732                          0.000005
76              pi_jmager_umass_edu          7           80.000000        21.034167       1.0                      0.124237                          0.000006
28               pi_eokte_umass_edu         23           78.608696       117.810833  1.304348                      0.024159                          0.000007
226       pi_ekalogerakis_umass_edu       1062           80.000000       835.578611  1.014124                      0.003414                          0.000007
94                 pi_bnl_umass_edu        342           80.000000       460.943333  1.011696                      0.006289                          0.000007
141           pi_hongkunz_umass_edu         31           80.000000        49.473611  1.032258                      0.060194                          0.000007
146           pi_mraessi_umassd_edu         53           80.000000       238.200556  1.056604                      0.012827                          0.000007
24              pi_hzyuksel_uri_edu         19           80.000000          67.9575  1.894737                      0.048886                          0.000008
34          pi_skrastanov_umass_edu         12           80.000000        63.985556       1.0                       0.05359                          0.000008
92          pi_pgrabowicz_umass_edu         91           80.000000       458.341389  1.120879                       0.00828                          0.000009
207             pi_miyyer_umass_edu       1466           80.000000      6123.725833  1.559345                      0.000761                          0.000011
43               pi_bhatt_umass_edu         14           80.000000         107.6575       2.5                      0.046506                          0.000012
75         pi_donghyunkim_umass_edu         55           80.000000       393.902222  1.054545                      0.012842                          0.000012
239           pi_lacreuse_umass_edu         22           80.000000        53.783333       1.0                      0.098144                          0.000012
196          pi_annagreen_umass_edu        702           80.000000         4414.185  1.374644                      0.001215                          0.000012
228            pi_sniekum_umass_edu       1745           80.000000        7226.0775  1.380516                      0.000778                          0.000013
230           pi_mfiterau_umass_edu        429           79.850816      3005.039722  1.242424                      0.001888                          0.000013
158             pi_mchen1_umass_edu          9           80.000000       160.746111  3.888889                      0.038952                          0.000015
147             pi_hongyu_umass_edu       1150           80.000000      4009.923333  1.133913                      0.001645                          0.000015
127        pi_wenlongzhao_umass_edu       1096           79.970803      3288.550278  1.076642                      0.002022                          0.000015
242               pi_yjeong_uri_edu         84           80.000000       993.320556  1.404762                      0.006966                          0.000016
12               pi_casey_umass_edu        112           80.000000       516.908333       1.0                      0.013882                          0.000017
282            pi_yingzhang_uri_edu       1310           80.000000      4796.506944       1.0                      0.001643                          0.000018
278               pi_csc561_uri_edu          9           80.000000        94.358611  1.666667                      0.085351                          0.000019
145         pi_compsci602_umass_edu        197           80.000000       876.052778   1.06599                      0.009912                           0.00002
205          pi_rfisher1_umassd_edu         20           80.000000       125.716667       1.0                      0.070842                          0.000021
201           pi_juanzhai_umass_edu        867           80.000000          2615.38  1.141869                      0.003669                          0.000022
137          pi_harishsunak_uri_edu         29           80.000000       146.598333       1.0                      0.067222                          0.000023
29                pi_hava_umass_edu        151           80.000000         671.3175       1.0                      0.015414                          0.000024
21           pi_amit_deokar_uml_edu         75           80.000000       368.745833       1.0                      0.028626                          0.000025
80             pi_mchiovaro_uri_edu         93           80.000000       393.453611       1.0                      0.030234                          0.000028
179           pi_rsitaram_umass_edu         12           80.000000        29.240278       1.0                      0.408651                          0.000028
61            pi_erietman_umass_edu         78           80.000000       318.124444       1.0                      0.037907                          0.000028
17   pi_mohammadariful_alam_uml_edu         86           80.000000       525.886667       1.0                      0.022983                          0.000028
37              pi_bo_sheng_umb_edu        179           80.000000       206.441944       1.0                      0.062109                           0.00003
87           pi_scaudill_umassd_edu         83           80.000000       658.099444  1.036145                      0.020044                          0.000031
99               pi_kundu_umass_edu         39           80.000000       102.563889       1.0                      0.128707                          0.000031
162        pi_ahoumansadr_umass_edu       2598           80.000000     12228.936389  1.096613                       0.00113                          0.000032
252        pi_vcpartridge_umass_edu          6           80.000000        30.425278       1.5                      0.456473                          0.000032
41              pi_bsilva_umass_edu       2712           80.000000      3694.168333       1.0                      0.003769                          0.000032
64           pi_brownsarahm_uri_edu         54           80.000000       411.990278  2.574074                      0.034968                          0.000033
167            pi_rrahimi_umass_edu        733           80.000000      5900.770556   1.38472                      0.002549                          0.000035
122            pi_pthomas_umass_edu       1753           80.000000      4816.438889  1.001711                      0.003123                          0.000035
23             pi_hzamani_umass_edu        897           80.000000      9195.572222  1.818283                      0.001699                          0.000036
85             pi_mduarte_umass_edu        152           80.000000       837.071389       1.0                      0.019538                          0.000038
106             pi_jensen_umass_edu        265           80.000000      1915.139444   1.25283                      0.008591                          0.000038
156               pi_grilli_uri_edu         64           80.000000       251.412778  1.546875                      0.065471                          0.000038
39            pi_hadi_amiri_uml_edu        495           79.935354      3498.364167  1.810101                      0.004709                          0.000038
83              pi_ljiao_umassd_edu        295           80.000000      2571.489444  1.077966                      0.006532                          0.000039
229          pi_andrewlan_umass_edu         77           80.000000       418.511944       1.0                      0.041958                          0.000041
132        pi_jaimedavila_umass_edu         33           80.000000         126.6675       1.0                      0.142509                          0.000042
163              pi_phaas_umass_edu       1166           80.000000      4307.433611       1.0                       0.00421                          0.000042
72        pi_ebagdasaryan_umass_edu        155           80.000000       671.328056  1.193548                      0.027606                          0.000043
51              pi_jdutta_umass_edu        115           80.000000       623.715833       1.0                      0.030464                          0.000044
8               pi_marlin_umass_edu         14           80.000000        25.071111       1.0                      0.780833                          0.000045
26             pi_ychen5_umassd_edu        508           80.000000      2093.889167       1.0                      0.009844                          0.000048
188           pi_aghasemi_umass_edu        316           80.000000      4257.741111  1.740506                      0.004935                          0.000049
172       pi_dhruveshpate_umass_edu        384           80.000000        1944.2175  1.231771                       0.01093                          0.000049
4             pi_mccallum_umass_edu        808           80.000000      6142.499444  1.153465                      0.003608                          0.000052
57            pi_dganesan_umass_edu         56           80.000000       162.179722  1.160714                      0.138314                          0.000052
202         pi_adamoneill_umass_edu         34           80.000000           179.85       1.0                      0.130419                          0.000055
118            pi_mendres_umass_edu          5           80.000000        28.534167       1.2                      0.872657                          0.000058
84               pi_yzick_umass_edu       2390           80.000000        8726.0325       1.0                      0.002883                          0.000058
152           pi_gvanhorn_umass_edu       1918           80.000000        12951.675  1.038582                      0.001968                          0.000059
136            pi_chuangg_umass_edu       3359           80.000000     17266.506667  1.106579                      0.001596                          0.000064
89              pi_malvarez_uri_edu        588           80.000000      4331.179722  1.243197                      0.006903                          0.000069
174             pi_jdomke_umass_edu       1443           80.000000      8374.551944  1.002772                      0.003594                           0.00007
107            pi_sfield_umassd_edu         76           80.000000       613.763056       1.0                      0.049761                          0.000071
267            pi_zhoulin_umass_edu        276           80.000000      1921.838611  1.036232                      0.016583                          0.000074
224            pi_huiguan_umass_edu        296           80.000000      3574.550833  1.766892                      0.010016                          0.000083
190            pi_wuzhexu_umass_edu        149           80.000000      1315.088889       1.0                      0.028289                          0.000086
111              pi_ashgiri_uri_edu        227           80.000000      6605.916111  2.114537                      0.005668                          0.000087
133           pi_kandread_umass_edu         11           80.000000        73.576389  2.818182                      0.516883                          0.000088
0                pi_smaji_umass_edu       1306           80.000000      4896.740278  1.067381                       0.00801                          0.000091
200             pi_shlomo_umass_edu         53           80.000000       794.305833  1.132075                      0.052538                          0.000097
20              pi_shenoy_umass_edu        107           80.000000       584.821389       1.0                      0.073187                          0.000099
256             pi_mshao_umassd_edu        419           80.000000      4788.039167  1.472554                         0.009                            0.0001
169               pi_jmdahl_uri_edu         38           80.000000       267.230278       1.0                       0.17614                          0.000109
260              pi_mmanuel_uri_edu         32           80.000000       120.621111       1.0                      0.437021                          0.000122
95        pi_rahul_kulkarni_umb_edu          9           80.000000       259.153333       1.0                      0.211701                          0.000127
27            pi_brenocon_umass_edu         79           80.000000      1095.273889       2.0                       0.05101                           0.00013
157           pi_ccapano_umassd_edu        235           80.000000        1821.2175  1.148936                       0.03236                          0.000137
168                pi_yshen_uri_edu         57           80.000000      1829.084722  3.368421                      0.037485                          0.000159
88              pi_mpuerrer_uri_edu        187           80.000000      2593.114167       1.0                      0.026695                          0.000161
173            pi_pengbai_umass_edu         33           80.000000       651.859167       1.0                      0.108766                          0.000165
262               pi_bps542_uri_edu          8           80.000000       130.182222      3.25                      0.555424                          0.000168
9                pi_allan_umass_edu        245           80.000000      3222.043333  1.726531                      0.025271                          0.000189
247          pi_shiqingma_umass_edu        937           80.000000     12550.644444  1.290288                      0.007048                          0.000206
244             pi_zhuzhang_uri_edu       1003           80.000000     10858.495556  2.020937                      0.008158                          0.000206
139               pi_phuc_umass_edu         52           80.000000       978.803333  2.615385                      0.091715                          0.000209
62              pi_kdonohue_uri_edu         52           80.000000       384.424167      1.75                      0.239939                          0.000214
270               pi_zhangl_uri_edu        744           80.000000       86604.8125  3.822581                      0.001122                          0.000226
245          pi_mserafini_umass_edu        217           80.000000      3464.311944  3.474654                       0.04037                          0.000325
86             pi_gstuart_umass_edu         37           77.405405       612.861111  4.459459                      0.261258                          0.000372
183              pi_gkhanna_uri_edu        232           80.000000     14133.991111  1.090517                      0.014916                           0.00049
91    pi_atreya_chakraborty_umb_edu        999           80.000000       14895.0675       1.0                      0.016773                          0.000581
50             pi_hzhang2_umass_edu         16           80.000000       492.940556    1.3125                      0.593907                           0.00068
286              pi_pkatz_umass_edu         13           80.000000       325.870278       1.0                      1.027523                          0.000778
49            pi_mparente_umass_edu         80           80.000000     28257.033333    3.9625                      0.032574                          0.002139
180            pi_dgobeille_uri_edu         16           80.000000      2390.446389       1.0                      0.926317                          0.005146
90               pi_hendawi_uri_edu         27           80.000000     11260.216389  9.222222                      0.330776                          0.008655