                            Account  Job_Count  Avg_Allocated_VRAM  Total_GPU_Hours  Avg_GPUs  Avg_Weighted_VRAM_Efficiency  Weighted_Efficiency_Contribution
65              pi_gomezchi_uri_edu         10           80.000000        36.585556       1.0                      0.000000                      0.000000e+00
90            pi_mmudambi_umass_edu         96           80.000000       614.134444       1.0                      0.000000                      0.000000e+00
57                pi_lgao_umass_edu          8           75.000000        21.911389       1.0                      0.000000                      0.000000e+00
177         pi_dmohapatra_umass_edu       2339           79.914493      6883.051111       1.0                      0.000000                      0.000000e+00
134       pi_xiaohuizhang_umass_edu         11           80.000000       350.942778       1.0                      0.000000                      0.000000e+00
131      pi_murat_inalpolat_uml_edu         31           80.000000       236.109167       1.0                      0.000000                      0.000000e+00
120            pi_bdahrooge_uri_edu          5           80.000000         5.016667       1.0                      0.000000                      0.000000e+00
106        pi_subash_sharma_uml_edu        438           79.452055      3156.654722       1.0                      0.000000                      0.000000e+00
151   pi_jerome_delhommelle_uml_edu          8           80.000000      1779.180833       1.0                      0.000000                      0.000000e+00
147        pi_aheryudono_umassd_edu          6           80.000000         3.519444       1.0                      0.003550                      5.656590e-08
91            pi_gcowles_umassd_edu         12           80.000000        10.985556       1.0                      0.006789                      3.376975e-07
175      pi_steven_liebling_uri_edu         18           80.000000        16.427500       1.0                      0.006131                      4.560220e-07
136    pi_kelum_gajamannage_uri_edu         31           80.000000       222.745556       1.0                      0.000482                      4.858871e-07
80         pi_sunghoonlee_umass_edu        314           79.490446      1651.435000       1.0                      0.000154                      1.152876e-06
2                  pi_yshen_uri_edu         12           80.000000         3.463611       1.0                      0.097601                      1.530578e-06
87               pi_heuck_umass_edu       1311           80.000000       608.301111       1.0                      0.000655                      1.804809e-06
107              pi_tlama_umass_edu          8           75.000000         8.240000       1.0                      0.048566                      1.811877e-06
123             pi_grason_umass_edu      22086           76.462918     17092.900833       1.0                      0.000026                      2.019212e-06
172            pi_jtaneja_umass_edu         40           79.000000       194.718611       1.0                      0.002433                      2.145339e-06
94             pi_nwycoff_umass_edu        421           80.000000       158.198333       1.0                      0.003479                      2.491789e-06
96              pi_pchien_umass_edu       2676           80.000000      1463.146111       1.0                      0.000464                      3.074763e-06
74                 pi_sodhi_uri_edu          5           80.000000         4.631111       1.0                      0.167577                      3.513750e-06
81              pi_miyyer_umass_edu        970           80.000000      1691.568056       1.0                      0.000601                      4.605847e-06
132           pi_bioch642_umass_edu        922           80.000000       765.984167       1.0                      0.001375                      4.768197e-06
23              pi_cmusco_umass_edu         76           76.315789       417.538333       1.0                      0.002872                      5.428989e-06
97              pi_dathomas_uri_edu         20           80.000000        53.396667       1.0                      0.027642                      6.682649e-06
155             pi_zhuzhang_uri_edu         10           64.000000        38.327222       1.0                      0.040869                      7.092059e-06
137       pi_ekalogerakis_umass_edu       1053           79.620133       706.072500       1.0                      0.002255                      7.209865e-06
45            pi_jianhanc_umass_edu        201           72.835821       542.865000       1.0                      0.002988                      7.344018e-06
67            pi_elearned_umass_edu         28           75.714286        57.046389       1.0                      0.029298                      7.567346e-06
124            pi_gfelder_smith_edu         36           80.000000        89.768611       1.0                      0.021498                      8.737683e-06
173          pi_jason_green_umb_edu         83           80.000000       329.288333       1.0                      0.006732                      1.003712e-05
92              pi_hzyuksel_uri_edu          8           80.000000        27.175000       1.0                      0.085032                      1.046218e-05
167             pi_jmager_umass_edu          7           80.000000        21.034167       1.0                      0.124237                      1.183169e-05
176              pi_eokte_umass_edu         20           78.000000        92.635000       1.0                      0.028449                      1.193212e-05
14            pi_mraessi_umassd_edu         50           80.000000       222.655278       1.0                      0.012899                      1.300402e-05
17                pi_yjeong_uri_edu         65           80.000000       216.806667       1.0                      0.013398                      1.315214e-05
55                 pi_bnl_umass_edu        338           78.461538       446.838333       1.0                      0.006965                      1.409083e-05
113           pi_erietman_umass_edu         33           80.000000       151.351111       1.0                      0.026446                      1.812238e-05
153           pi_hongkunz_umass_edu         26           75.384615        43.192500       1.0                      0.097751                      1.911615e-05
49              pi_hongyu_umass_edu       1045           79.081340      2684.041944       1.0                      0.001757                      2.134946e-05
32         pi_wenlongzhao_umass_edu        922           76.659436      2415.876667       1.0                      0.002036                      2.227260e-05
84            pi_mfiterau_umass_edu        394           79.086294      2163.388333       1.0                      0.002337                      2.288831e-05
10               pi_mzink_umass_edu        482           79.668050      1413.425000       1.0                      0.003588                      2.296405e-05
152        pi_donghyunkim_umass_edu         53           72.452830       357.900278       1.0                      0.014400                      2.333434e-05
68                pi_phuc_umass_edu         32           80.000000       190.916111       1.0                      0.028199                      2.437487e-05
146         pi_pgrabowicz_umass_edu         77           80.000000       292.197222       1.0                      0.018496                      2.446930e-05
144           pi_lacreuse_umass_edu         22           78.181818        53.783333       1.0                      0.100764                      2.453725e-05
165            pi_hzamani_umass_edu        561           79.857398      2452.149167       1.0                      0.002682                      2.977669e-05
145         pi_skrastanov_umass_edu         12           50.000000        63.985556       1.0                      0.105400                      3.053476e-05
30               pi_casey_umass_edu        111           79.279279       510.404722       1.0                      0.014312                      3.307445e-05
161               pi_grilli_uri_edu         49           80.000000        59.168611       1.0                      0.133141                      3.566759e-05
1              pi_yingzhang_uri_edu       1309           79.572193      4796.013056       1.0                      0.001651                      3.586060e-05
19           pi_annagreen_umass_edu        537           80.000000      2162.613611       1.0                      0.003702                      3.625147e-05
159            pi_mchiovaro_uri_edu         91           80.000000       380.469167       1.0                      0.021264                      3.663071e-05
125               pi_hava_umass_edu        122           80.000000       545.894444       1.0                      0.015283                      3.777316e-05
62            pi_aghasemi_umass_edu        214           79.626168      1195.326944       1.0                      0.007173                      3.882293e-05
133          pi_rfisher1_umassd_edu         20           80.000000       125.716667       1.0                      0.070842                      4.032316e-05
109         pi_compsci602_umass_edu        191           79.371728       808.093056       1.0                      0.011156                      4.081662e-05
11           pi_amit_deokar_uml_edu         74           76.756757       362.745000       1.0                      0.027230                      4.472273e-05
170          pi_harishsunak_uri_edu         27           80.000000       141.089167       1.0                      0.072201                      4.612199e-05
54              pi_bo_sheng_umb_edu        165           80.000000       184.329722       1.0                      0.056747                      4.735983e-05
157           pi_juanzhai_umass_edu        772           80.000000      1663.388333       1.0                      0.006445                      4.853560e-05
102            pi_sniekum_umass_edu       1426           80.000000      4016.122778       1.0                      0.002716                      4.937756e-05
71              pi_mshao_umassd_edu        317           80.000000      2193.886667       1.0                      0.005442                      5.405610e-05
21            pi_rsitaram_umass_edu         12           76.666667        29.240278       1.0                      0.442756                      5.861619e-05
174           pi_mccallum_umass_edu        690           79.652174      3469.682500       1.0                      0.003748                      5.887983e-05
105              pi_ashgiri_uri_edu         70           80.000000       907.773056       1.0                      0.014490                      5.955581e-05
129              pi_kundu_umass_edu         39           78.974359       102.563889       1.0                      0.128707                      5.976787e-05
58           pi_scaudill_umassd_edu         82           80.000000       626.076111       1.0                      0.021288                      6.034335e-05
37              pi_bsilva_umass_edu       2659           80.000000      3579.105556       1.0                      0.003750                      6.076874e-05
43   pi_mohammadariful_alam_uml_edu         66           78.787879       475.895000       1.0                      0.028409                      6.121169e-05
69              pi_jensen_umass_edu        212           78.679245      1084.606667       1.0                      0.012663                      6.218574e-05
78            pi_brenocon_umass_edu         21           80.000000        96.272500       1.0                      0.144953                      6.318320e-05
127               pi_zhangl_uri_edu        108           80.000000      2286.392500       1.0                      0.006131                      6.346734e-05
50         pi_ahoumansadr_umass_edu       2380           79.075630      9888.288056       1.0                      0.001442                      6.453797e-05
164            pi_mduarte_umass_edu        144           76.944444       773.054167       1.0                      0.018680                      6.538231e-05
104           pi_hadi_amiri_uml_edu        442           79.457014      1121.215833       1.0                      0.013022                      6.610421e-05
112            pi_pthomas_umass_edu       1698           79.976443      4548.064444       1.0                      0.003271                      6.736459e-05
44             pi_rrahimi_umass_edu        575           79.860870      3463.123333       1.0                      0.004310                      6.757632e-05
98           pi_brownsarahm_uri_edu         21           80.000000       110.969167       1.0                      0.145911                      7.330992e-05
42         pi_vcpartridge_umass_edu          5           80.000000        19.190833       1.0                      0.868435                      7.545761e-05
99        pi_dhruveshpate_umass_edu        303           79.471947      1249.216944       1.0                      0.013438                      7.600812e-05
118              pi_phaas_umass_edu       1081           79.333950      4049.217222       1.0                      0.004193                      7.686844e-05
150          pi_andrewlan_umass_edu         77           80.000000       418.511944       1.0                      0.041958                      7.950468e-05
33         pi_jaimedavila_umass_edu         33           77.575758       126.667500       1.0                      0.142932                      8.197234e-05
82               pi_allan_umass_edu        147           80.000000       846.371389       1.0                      0.021629                      8.288361e-05
56        pi_ebagdasaryan_umass_edu        140           77.142857       491.410278       1.0                      0.037678                      8.383105e-05
27              pi_jdutta_umass_edu        115           77.913043       623.715833       1.0                      0.030464                      8.602781e-05
83              pi_ljiao_umassd_edu        275           79.854545      2144.460833       1.0                      0.009162                      8.895769e-05
75             pi_ychen5_umassd_edu        503           76.739563      2082.875278       1.0                      0.009894                      9.330665e-05
171             pi_shenoy_umass_edu         95           78.315789       405.138056       1.0                      0.055813                      1.023780e-04
35               pi_smaji_umass_edu       1264           77.943038      3315.411667       1.0                      0.006980                      1.047827e-04
18          pi_adamoneill_umass_edu         31           80.000000       177.581944       1.0                      0.139928                      1.125057e-04
116              pi_yzick_umass_edu       2368           79.391892      8661.152222       1.0                      0.003035                      1.190185e-04
115            pi_chuangg_umass_edu       3152           78.845178     14411.448333       1.0                      0.001888                      1.231929e-04
40              pi_marlin_umass_edu         14           62.857143        25.071111       1.0                      1.163567                      1.320800e-04
15            pi_gvanhorn_umass_edu       1842           80.000000     11533.795278       1.0                      0.002540                      1.326520e-04
60              pi_jdomke_umass_edu       1433           79.748779      8310.370000       1.0                      0.003597                      1.353407e-04
6              pi_sfield_umassd_edu         76           80.000000       613.763056       1.0                      0.049761                      1.382794e-04
160            pi_zhoulin_umass_edu        272           78.676471      1829.190833       1.0                      0.017891                      1.481681e-04
28              pi_kdonohue_uri_edu         26           80.000000       125.743611       1.0                      0.265877                      1.513693e-04
140           pi_dganesan_umass_edu         46           80.000000       110.863333       1.0                      0.324114                      1.626888e-04
138            pi_wuzhexu_umass_edu        149           80.000000      1315.088889       1.0                      0.028289                      1.684370e-04
95            pi_ccapano_umassd_edu        218           80.000000      1250.332500       1.0                      0.030784                      1.742713e-04
16              pi_shlomo_umass_edu         48           80.000000       698.275833       1.0                      0.058717                      1.856354e-04
142               pi_jmdahl_uri_edu         38           80.000000       267.230278       1.0                      0.176140                      2.131153e-04
135              pi_mmanuel_uri_edu         32           80.000000       120.621111       1.0                      0.437021                      2.386701e-04
143             pi_malvarez_uri_edu        455           80.000000      2832.035833       1.0                      0.019121                      2.451771e-04
13        pi_rahul_kulkarni_umb_edu          9           80.000000       259.153333       1.0                      0.211701                      2.484003e-04
89             pi_huiguan_umass_edu        219           78.904110      2096.569167       1.0                      0.032744                      3.108183e-04
110             pi_mpuerrer_uri_edu        186           79.784946      2592.226944       1.0                      0.027221                      3.194781e-04
158            pi_pengbai_umass_edu         33           80.000000       651.859167       1.0                      0.108766                      3.210102e-04
26           pi_shiqingma_umass_edu        727           79.944979      8400.038056       1.0                      0.009789                      3.722963e-04
24               pi_gkhanna_uri_edu        218           80.000000     13595.385278       1.0                      0.015836                      9.747920e-04
76    pi_atreya_chakraborty_umb_edu        994           79.879276     14692.582778       1.0                      0.016609                      1.104873e-03
100          pi_mserafini_umass_edu         92           79.565217      2451.271389       1.0                      0.107019                      1.187747e-03
9                pi_pkatz_umass_edu         13           80.000000       325.870278       1.0                      1.027523                      1.516032e-03
53             pi_hzhang2_umass_edu         15           80.000000       486.915556       1.0                      0.795040                      1.752727e-03
59             pi_dgobeille_uri_edu         16           80.000000      2390.446389       1.0                      0.926317                      1.002561e-02